Year    Energy  Start_runId Stop_runId Start_z_vertex Stop_z_vertex   75-80% 70-75% 65-70% 60-65% 55-60% 50-55% 45-50% 40-45% 35-40% 30-35% 25-30% 20-25% 15-20% 10-15% 5-10% 0-5% Normalize_stop  zpar0        zpar1         zpar2        zpar3         zpar4          zpar5           zpar6           zpar7       wpar0        wpar1        wpar2        wpar3         wpar4         wpar5         lpar0            lpar1
2010    200     11002145    11028088     -30.0      30.0     8     12     18     25     35     46     61     79    99    124    153    187    225    269    319    378            200        437.661       0.425309       0.00177078            0.0            0.0            0.0            0.0   1.573     1.03393e+00    1.33797e+02    2.74409e+01   -1.32859e+02    -7.44943e-06    8.33889e-04          148.165         -0.297582
2010    200     11028089    11035026     -30.0      30.0     8     12     18     25     35     46     61     79    99    124    153    187    225    269    319    378            200        437.85        0.504074       0.00209507            0.0            0.0            0.0            0.0   1.384     1.00459e+00    1.31471e+02    2.58343e+01    -1.23190e+02   -3.02581e-06    6.04996e-04          148.165         -0.297582
2010    200     11035061    11054067     -30.0      30.0     8     12     18     25     35     46     61     79    99    124    153    187    225    269    319    378            200        436.173       0.479518       0.00239425            0.0            0.0            0.0            0.0   3.061     1.00981e+00    1.59824e+02    2.69355e+01   -1.21860e+02   -4.79064e-06     8.08434e-04          148.165         -0.297582
2010    200     11055095    11077018     -30.0      30.0     8     12     18     25     35     46     61     79    99    124    153    187    225    269    319    378            200        439.234       0.480728       0.00179484            0.0            0.0            0.0            0.0     0.0     1.02971e+00    1.35734e+02    2.68982e+01   -1.33582e+02    -8.49535e-06    8.24411e-04          148.165         -0.297582
2010    62.4    11077023    11081058   -30.0          30.0            6      9     14     19     26     35     46     59     75     94    116    142    172    207    248   295     150      350.117       0.319472      -0.00115573     0.000123584   4.95338e-06   -9.88209e-08     -2.9589e-09    0.0     9.10356e-01    8.56400e+01    1.20108e+01   -2.49384e+01    2.52498e-05     2.06617e-05              0.0           0.0
2010    62.4    11081059    11098060   -30.0          30.0            6      9     14     19     26     35     46     59     75     94    116    142    172    207    248   295     150      350.117       0.319472      -0.00115573     0.000123584   4.95338e-06   -9.88209e-08     -2.9589e-09    0.0     9.64302e-01    2.55969e+02    3.95362e+01   -1.01762e+02   -5.79302e-09    -3.84108e-06              0.0           0.0
2010    39      11098062    11106007   -40.0          40.0            6      9     12     17     24     32     42     54     69     86    106    130    157    189    227   271     150       327.744       0.170821      -0.000390214    -2.72791e-05  2.01639e-06    3.7699e-09      -8.6857e-10   -4.667  9.00784e-01    3.04871e+02    4.53256e+01    -1.02763e+02    6.66485e-06    -5.41731e-06             0.0           0.0
2010    39      11106008    11113047   -40.0          40.0            6      9     12     17     24     32     42     54     69     86    106    130    157    189    227   271     150       323.077       0.0973107     0.00119314      1.7393e-05   -6.94417e-08    -1.03518e-08    -2.90458e-10   0.0     9.16184e-01    3.36174e+02    4.91450e+01   -1.13318e+02   4.18334e-06     -1.64995e-06             0.0           0.0
2010    7.7     11113050    11124053   -50.0          50.0            3      5      7      9     13     17     22     29     37     46     57     69     84    102    122   147     50       1.71502e+02   2.29269e-01   4.67973e-03     -1.94834e-04  -5.69437e-06   3.73739e-08     1.28380e-09    4.3     9.77841e-01    3.38533e+01    5.46729e+01  -1.73622e+02    -1.99035e-06    8.40487e-05               0.0           0.0 
2010    7.7     11124054    11147040   -50.0          50.0            3      5      7      9     13     17     22     29     37     46     57     69     84    102    122   147     50       1.75802e+02   4.88749e-02   -2.48051e-03    -1.33362e-05  3.14842e-06    7.27500e-09     -9.70939e-10   0.0     9.72161e-01    3.49791e+01    5.42499e+01  -1.75710e+02    2.65527e-06     9.95935e-05               0.0           0.0
2010    11.5    11147041    11152058   -50.0          50.0            4      6      8     12     16     22     28     36     46     58     71     87    106    127    153   184     50       2.22759e+02   6.45173e-02   9.48059e-04     1.33862e-05   7.72428e-07    -5.25500e-09    -6.70735e-10   -3.04   9.53807e-01    3.54196e+01    4.60612e+01   -1.57031e+02   1.57246e-05     1.25426e-04               0.0           0.0
2010    11.5    11152059    11160010   -50.0          50.0            4      6      8     12     16     22     28     36     46     58     71     87    106    127    153   184     50       2.19719e+02   4.13628e-02   -2.71286e-03   -1.07761e-05  3.74981e-06     4.45436e-09     -1.18496e-09   0.0     9.89612e-01    2.71264e+01    4.67008e+01   -1.78380e+02   -4.01715e-06    1.16767e-04               0.0           0.0
2011    19.6    12111032    12119029   -50.0          50.0            5      7      11     15     20     27     36     46     59     73     91    111    134    161    193   231    50       278.049       0.0517205     0.000920393    1.7841e-05    9.97995e-07     -7.75685e-09    -5.87728e-10   0.0     9.87349e-01    2.36900e+01    3.04280e+01  -1.08139e+02    -2.58773e-06    1.03783e-04               0.0           0.0
2011    19.6    12119030    12122025   -50.0          50.0            5      7      11     15     20     27     36     46     59     73     91    111    134    161    193   231    50       278.51        0.0516565     0.00218858     2.74434e-05   -1.28286e-06    -1.458e-08       1.84883e-10   -0.46   9.41444e-01    6.06981e+01    4.64113e+01  -1.55808e+02    1.67539e-05     9.73032e-05               0.0           0.0
2011    27      12171018    12180056   -50.0          50.0            5      8      12     16     22     30     39     50     64     80     99    121    146    176    210   252    70       3.01576e+02  -4.71794e-02  -3.37961e-04    6.37055e-07    1.94353e-06     1.86978e-10     -7.62699e-10   0.0    1.00592e+00    3.03204e+01    4.97850e+01  -1.64869e+02    -3.65229e-06    2.97682e-05               0.0           0.0
